0 0 0
1 -6.05 -3.012048192771084
2 -6.05 -4.957831325301205
3 -6.05 -5.3192771084337345
4 -6.05 -5.53012048192771
5 -6.05 -5.668674698795181
6 -6.05 -5.77710843373494
7 -6.05 -5.86144578313253
8 -6.05 -5.909638554216867
9 -6.05 -5.951807228915662
10 -6.05 -5.981927710843373
11 -6.05 -5.993975903614457
12 -6.05 -6.0120481927710845
13 -6.05 -6.024096385542168
14 -6.05 -6.05
15 -6.05 -6.05
16 -6.05 -6.054216867469879
17 -6.05 -6.054216867469879
18 -6.05 -6.054216867469879
19 -6.05 -6.054216867469879
20 -6.05 -6.0602409638554215

