-1.810344827586206851e+00 0.000000000000000000e+00 0.000000000000000000e+00 0.000000000000000000e+00
-1.431034482758620552e+00 6.590909090909092584e-03 4.695813092759659052e-02 0.000000000000000000e+00
-1.051724137931034697e+00 1.318181818181818517e-02 1.341660883645616822e-02 0.000000000000000000e+00
-6.724137931034483984e-01 6.590909090909089114e-03 7.379134860050888534e-02 0.000000000000000000e+00
-2.931034482758620996e-01 1.977272727272726821e-02 4.024982650936848733e-02 0.000000000000000000e+00
8.620689655172397714e-02 2.636363636363638768e-02 7.379134860050898248e-02 0.000000000000000000e+00
4.655172413793100539e-01 1.318181818181817823e-02 9.391626185519312553e-02 0.000000000000000000e+00
8.448275862068963526e-01 5.931818181818180463e-02 2.079574369650704913e-01 0.000000000000000000e+00
1.224137931034482651e+00 1.977272727272726821e-02 1.341660883645616198e-01 0.000000000000000000e+00
1.603448275862068950e+00 8.568181818181816456e-02 3.018736988202636584e-01 0.000000000000000000e+00
1.982758620689655249e+00 1.120454545454545175e-01 2.616238723108951780e-01 0.000000000000000000e+00
2.362068965517241104e+00 1.779545454545458094e-01 2.683321767291238502e-01 0.000000000000000000e+00
2.741379310344826958e+00 2.372727272727272185e-01 2.482072634744389716e-01 0.000000000000000000e+00
3.120689655172413257e+00 2.306818181818181268e-01 2.347906546379828208e-01 0.000000000000000000e+00
3.499999999999999556e+00 2.834090909090908328e-01 1.677076104557020109e-01 1.331496786042240220e-02
3.879310344827585855e+00 2.834090909090908328e-01 1.811242192921581617e-01 2.662993572084480440e-02
4.258620689655172598e+00 2.504545454545453742e-01 8.049965301873697465e-02 9.986225895316801215e-02
4.637931034482758008e+00 1.845454545454544848e-01 5.366643534582464514e-02 1.198347107438016285e-01
5.017241379310345195e+00 1.515909090909090540e-01 3.354152209114040495e-02 2.330119375573920515e-01
5.396551724137930606e+00 1.581818181818181457e-01 2.683321767291232257e-02 3.728191000918272824e-01
5.775862068965516904e+00 9.886363636363658391e-02 1.341660883645619425e-02 4.393939393939403359e-01
6.155172413793103203e+00 9.227272727272703423e-02 1.341660883645613006e-02 3.395316804407704225e-01
6.534482758620689502e+00 5.931818181818194341e-02 2.012491325468428877e-02 4.194214876033066641e-01
6.913793103448274913e+00 3.295454545454552797e-02 6.708304418228097123e-03 2.729568411386599225e-01
7.293103448275861211e+00 2.636363636363629748e-02 2.012491325468419509e-02 1.930670339761243748e-01
7.672413793103447510e+00 0.000000000000000000e+00 1.341660883645619425e-02 6.657483930211216538e-02
8.051724137931033809e+00 0.000000000000000000e+00 0.000000000000000000e+00 2.662993572084474195e-02
8.431034482758619220e+00 0.000000000000000000e+00 6.708304418228097123e-03 1.331496786042243516e-02
8.810344827586206407e+00 6.590909090909074369e-03 0.000000000000000000e+00 0.000000000000000000e+00
