-1.810344827586206851e+00 0.000000000000000000e+00 6.590909090909089114e-03 0.000000000000000000e+00
-1.431034482758620552e+00 0.000000000000000000e+00 1.318181818181818517e-02 0.000000000000000000e+00
-1.051724137931034697e+00 0.000000000000000000e+00 2.636363636363637034e-02 0.000000000000000000e+00
-6.724137931034483984e-01 0.000000000000000000e+00 1.581818181818181457e-01 0.000000000000000000e+00
-2.931034482758620996e-01 0.000000000000000000e+00 5.865909090909089407e-01 0.000000000000000000e+00
8.620689655172397714e-02 0.000000000000000000e+00 1.001818181818182829e+00 0.000000000000000000e+00
4.655172413793100539e-01 0.000000000000000000e+00 4.877272727272725650e-01 0.000000000000000000e+00
8.448275862068963526e-01 0.000000000000000000e+00 2.240909090909090351e-01 0.000000000000000000e+00
1.224137931034482651e+00 6.624029237094561894e-03 8.568181818181816456e-02 0.000000000000000000e+00
1.603448275862068950e+00 0.000000000000000000e+00 1.977272727272726821e-02 0.000000000000000000e+00
1.982758620689655249e+00 6.624029237094561894e-03 6.590909090909089114e-03 0.000000000000000000e+00
2.362068965517241104e+00 0.000000000000000000e+00 0.000000000000000000e+00 0.000000000000000000e+00
2.741379310344826958e+00 6.624029237094561894e-03 1.318181818181817823e-02 0.000000000000000000e+00
3.120689655172413257e+00 1.324805847418912379e-02 0.000000000000000000e+00 0.000000000000000000e+00
3.499999999999999556e+00 1.987208771128368828e-02 0.000000000000000000e+00 1.331496786042240220e-02
3.879310344827585855e+00 5.961626313385106485e-02 0.000000000000000000e+00 2.662993572084480440e-02
4.258620689655172598e+00 9.273640931932386477e-02 6.590909090909089114e-03 9.986225895316801215e-02
4.637931034482758008e+00 1.391046139789857972e-01 0.000000000000000000e+00 1.198347107438016285e-01
5.017241379310345195e+00 3.245774326176335545e-01 0.000000000000000000e+00 2.330119375573920515e-01
5.396551724137930606e+00 3.444495203289172358e-01 0.000000000000000000e+00 3.728191000918272824e-01
5.775862068965516904e+00 4.438099588853366972e-01 0.000000000000000000e+00 4.393939393939403359e-01
6.155172413793103203e+00 3.113293741434436934e-01 0.000000000000000000e+00 3.395316804407704225e-01
6.534482758620689502e+00 3.510735495660126659e-01 0.000000000000000000e+00 4.194214876033066641e-01
6.913793103448274913e+00 2.649611694837831211e-01 0.000000000000000000e+00 2.729568411386599225e-01
7.293103448275861211e+00 9.273640931932365661e-02 0.000000000000000000e+00 1.930670339761243748e-01
7.672413793103447510e+00 7.286432160804034996e-02 0.000000000000000000e+00 6.657483930211216538e-02
8.051724137931033809e+00 5.299223389675637025e-02 0.000000000000000000e+00 2.662993572084474195e-02
8.431034482758619220e+00 2.649611694837831002e-02 0.000000000000000000e+00 1.331496786042243516e-02
8.810344827586206407e+00 6.624029237094546281e-03 0.000000000000000000e+00 0.000000000000000000e+00
