-5.000000000000000000e+00 2.892344809879432432e-06 2.452941316732903942e-06 3.221746283088577911e-06
-4.898989898989898784e+00 3.355260560056194663e-06 2.882114358726539649e-06 3.936449957109289244e-06
-4.797979797979797567e+00 3.868178737320704386e-06 3.397637101443251595e-06 4.848685875913361087e-06
-4.696969696969697239e+00 4.477407856029458344e-06 4.004534275736659765e-06 5.977388354949653149e-06
-4.595959595959596022e+00 5.141072506376076490e-06 4.688246008299756795e-06 7.328047558985417709e-06
-4.494949494949494806e+00 5.916136615269351751e-06 5.538927325687836856e-06 9.139703252003528178e-06
-4.393939393939393590e+00 6.821514944022055715e-06 6.566288448084378615e-06 1.142166365752927959e-05
-4.292929292929293261e+00 7.854503564885817468e-06 7.800878847774583846e-06 1.441148106096079573e-05
-4.191919191919192045e+00 9.040786608238704503e-06 9.309449524153023958e-06 1.833686837926506996e-05
-4.090909090909090828e+00 1.038421760313212872e-05 1.110992161557078362e-05 2.346696419408544898e-05
-3.989898989898989612e+00 1.190816874441225082e-05 1.332633473793976009e-05 3.014865251316223294e-05
-3.888888888888888840e+00 1.366372725897235796e-05 1.605397847015410662e-05 3.913617547368630767e-05
-3.787878787878788067e+00 1.571533721289597452e-05 1.942447124747559428e-05 5.116682223160751164e-05
-3.686868686868686851e+00 1.807304397516418248e-05 2.363232670177239925e-05 6.744785787304863334e-05
-3.585858585858585634e+00 2.085703636112157255e-05 2.902394953707698733e-05 8.941888518165796995e-05
-3.484848484848484862e+00 2.411047717032488436e-05 3.603012737585231662e-05 1.198310492327436805e-04
-3.383838383838384090e+00 2.783865602395962924e-05 4.487280602916143835e-05 1.604422432137653232e-04
-3.282828282828282873e+00 3.232536619179882109e-05 5.654722190229222178e-05 2.181179297622293234e-04
-3.181818181818181657e+00 3.768179158214479685e-05 7.179743261076509953e-05 2.958808909170329571e-04
-3.080808080808080884e+00 4.426771192811429501e-05 9.204479283653199673e-05 4.039671621285378933e-04
-2.979797979797979668e+00 5.210641757003031671e-05 1.185283763334155083e-04 5.527022876776754856e-04
-2.878787878787878896e+00 6.191786087583750486e-05 1.551160821691155434e-04 7.585283019579946995e-04
-2.777777777777777679e+00 7.400896720355376601e-05 2.044592110905796289e-04 1.045551034621894360e-03
-2.676767676767676907e+00 8.904648711904883385e-05 2.706531959120184183e-04 1.433984842151403427e-03
-2.575757575757575690e+00 1.085742260329425335e-04 3.629684215411543846e-04 1.982863992452621460e-03
-2.474747474747474918e+00 1.343875337624922395e-04 4.891136777587234974e-04 2.745350124314427376e-03
-2.373737373737373701e+00 1.675005041761323810e-04 6.664104876108467579e-04 3.801627550274133682e-03
-2.272727272727272929e+00 2.101408026646822691e-04 9.039373835548758507e-04 5.227547604590654373e-03
-2.171717171717171713e+00 2.678458113223314285e-04 1.246782252565026283e-03 7.251196540892124176e-03
-2.070707070707070940e+00 3.468750219326466322e-04 1.719365012831985950e-03 1.000645849853754044e-02
-1.969696969696969724e+00 4.527561541181057692e-04 2.376571530476212502e-03 1.377645600587129593e-02
-1.868686868686868952e+00 5.973833031021058559e-04 3.297014860436320305e-03 1.891028694808483124e-02
-1.767676767676767735e+00 7.976585766300559044e-04 4.594577010720968246e-03 2.594896033406257629e-02
-1.666666666666666519e+00 1.073651481419801712e-03 6.400408223271369934e-03 3.537917137145996094e-02
-1.565656565656565746e+00 1.460112747736275196e-03 8.909270167350769043e-03 4.804278537631034851e-02
-1.464646464646464530e+00 1.997959334403276443e-03 1.243186183273792267e-02 6.436767429113388062e-02
-1.363636363636363757e+00 2.766733057796955109e-03 1.727828942239284515e-02 8.597066998481750488e-02
-1.262626262626262541e+00 3.827991429716348648e-03 2.388764731585979462e-02 1.129852086305618286e-01
-1.161616161616161769e+00 5.334841553121805191e-03 3.295736759901046753e-02 1.472624391317367554e-01
-1.060606060606060552e+00 7.447328418493270874e-03 4.499832168221473694e-02 1.881032139062881470e-01
-9.595959595959593358e-01 1.039322279393672943e-02 6.102905794978141785e-02 2.365587204694747925e-01
-8.585858585858590075e-01 1.448097452521324158e-02 8.201138675212860107e-02 2.916945815086364746e-01
-7.575757575757577911e-01 2.008379995822906494e-02 1.084239482879638672e-01 3.517037928104400635e-01
-6.565656565656565746e-01 2.777155861258506775e-02 1.415616124868392944e-01 4.158799052238464355e-01
-5.555555555555553582e-01 3.814154490828514099e-02 1.816362142562866211e-01 4.810353219509124756e-01
-4.545454545454550299e-01 5.194078013300895691e-02 2.286910861730575562e-01 5.452798604965209961e-01
-3.535353535353538135e-01 6.989555805921554565e-02 2.821437120437622070e-01 6.061797738075256348e-01
-2.525252525252525970e-01 9.274736046791076660e-02 3.408149480819702148e-01 6.625474691390991211e-01
-1.515151515151513806e-01 1.214884072542190552e-01 4.029092192649841309e-01 7.131019830703735352e-01
-5.050505050505016413e-02 1.563701331615447998e-01 4.657918214797973633e-01 7.578460574150085449e-01
5.050505050505016413e-02 1.977518051862716675e-01 5.282026529312133789e-01 7.963900566101074219e-01
1.515151515151513806e-01 2.451391518115997314e-01 5.871081948280334473e-01 8.290966749191284180e-01
2.525252525252525970e-01 2.976713180541992188e-01 6.422141790390014648e-01 8.566260933876037598e-01
3.535353535353538135e-01 3.540810942649841309e-01 6.917790770530700684e-01 8.798125386238098145e-01
4.545454545454541417e-01 4.126770198345184326e-01 7.355700731277465820e-01 8.991944789886474609e-01
5.555555555555553582e-01 4.715981185436248779e-01 7.739851474761962891e-01 9.150640964508056641e-01
6.565656565656565746e-01 5.291169285774230957e-01 8.067627549171447754e-01 9.284046292304992676e-01
7.575757575757577911e-01 5.834110975265502930e-01 8.348491191864013672e-01 9.393935799598693848e-01
8.585858585858581193e-01 6.334649920463562012e-01 8.583933115005493164e-01 9.484278559684753418e-01
9.595959595959593358e-01 6.792604923248291016e-01 8.783445358276367188e-01 9.559801816940307617e-01
1.060606060606060552e+00 7.201174497604370117e-01 8.952057361602783203e-01 9.622445106506347656e-01
1.161616161616161769e+00 7.558611631393432617e-01 9.091918468475341797e-01 9.674320220947265625e-01
1.262626262626262097e+00 7.874339222908020020e-01 9.210396409034729004e-01 9.717448949813842773e-01
1.363636363636363313e+00 8.142631053924560547e-01 9.309515953063964844e-01 9.753047823905944824e-01
1.464646464646464530e+00 8.380372524261474609e-01 9.393706321716308594e-01 9.782880544662475586e-01
1.565656565656565746e+00 8.580280542373657227e-01 9.463576078414916992e-01 9.807670116424560547e-01
1.666666666666666963e+00 8.754711151123046875e-01 9.523637890815734863e-01 9.827931523323059082e-01
1.767676767676767291e+00 8.903546929359436035e-01 9.573505520820617676e-01 9.844712615013122559e-01
1.868686868686868507e+00 9.033053517341613770e-01 9.616783857345581055e-01 9.858388304710388184e-01
1.969696969696969724e+00 9.140535593032836914e-01 9.652877449989318848e-01 9.869194030761718750e-01
2.070707070707070940e+00 9.234669804573059082e-01 9.683950543403625488e-01 9.878127574920654297e-01
2.171717171717171269e+00 9.317136406898498535e-01 9.709914922714233398e-01 9.884865880012512207e-01
2.272727272727272485e+00 9.388339519500732422e-01 9.732247591018676758e-01 9.890347123146057129e-01
2.373737373737373701e+00 9.448841810226440430e-01 9.750850796699523926e-01 9.893671870231628418e-01
2.474747474747474918e+00 9.500960707664489746e-01 9.767113924026489258e-01 9.896320104598999023e-01
2.575757575757575246e+00 9.547297954559326172e-01 9.780930876731872559e-01 9.897470474243164062e-01
2.676767676767676463e+00 9.586896896362304688e-01 9.792535305023193359e-01 9.898181557655334473e-01
2.777777777777777679e+00 9.620885848999023438e-01 9.801940321922302246e-01 9.897805452346801758e-01
2.878787878787878896e+00 9.651573896408081055e-01 9.810034036636352539e-01 9.896799325942993164e-01
2.979797979797979224e+00 9.678266048431396484e-01 9.817426800727844238e-01 9.895275831222534180e-01
3.080808080808081328e+00 9.701088666915893555e-01 9.823063611984252930e-01 9.893657565116882324e-01
3.181818181818181657e+00 9.721125960350036621e-01 9.827732443809509277e-01 9.891267418861389160e-01
3.282828282828281985e+00 9.738681912422180176e-01 9.832391738891601562e-01 9.888929724693298340e-01
3.383838383838384090e+00 9.754647016525268555e-01 9.835909008979797363e-01 9.886724948883056641e-01
3.484848484848484418e+00 9.768626689910888672e-01 9.839318990707397461e-01 9.884172081947326660e-01
3.585858585858586522e+00 9.781477451324462891e-01 9.842633008956909180e-01 9.882011413574218750e-01
3.686868686868686851e+00 9.793072938919067383e-01 9.845520853996276855e-01 9.879993200302124023e-01
3.787878787878787179e+00 9.803488254547119141e-01 9.848480224609375000e-01 9.878129959106445312e-01
3.888888888888889284e+00 9.812857508659362793e-01 9.851424098014831543e-01 9.876877069473266602e-01
3.989898989898989612e+00 9.822110533714294434e-01 9.854482412338256836e-01 9.875740408897399902e-01
4.090909090909089940e+00 9.830471873283386230e-01 9.857605099678039551e-01 9.875431656837463379e-01
4.191919191919192045e+00 9.838969707489013672e-01 9.860749840736389160e-01 9.875080585479736328e-01
4.292929292929292373e+00 9.846508502960205078e-01 9.864693880081176758e-01 9.875737428665161133e-01
4.393939393939394478e+00 9.854587316513061523e-01 9.868350625038146973e-01 9.876500368118286133e-01
4.494949494949494806e+00 9.861598014831542969e-01 9.872881174087524414e-01 9.878192543983459473e-01
4.595959595959595134e+00 9.869217872619628906e-01 9.877185821533203125e-01 9.880012273788452148e-01
4.696969696969697239e+00 9.876297712326049805e-01 9.881729483604431152e-01 9.882352948188781738e-01
4.797979797979797567e+00 9.883357286453247070e-01 9.886990785598754883e-01 9.885559082031250000e-01
4.898989898989899672e+00 9.890755414962768555e-01 9.892221093177795410e-01 9.888855218887329102e-01
5.000000000000000000e+00 9.897981882095336914e-01 9.898067116737365723e-01 9.892634749412536621e-01
