-5.000000000000000000e+00 7.846299013181123883e-06 4.371375780465314165e-06 1.291041371587198228e-05
-4.898989898989898784e+00 8.704531865078024566e-06 4.604195510182762519e-06 1.376768705085851252e-05
-4.797979797979797567e+00 9.648003469919785857e-06 4.857468866248382255e-06 1.487442659708904102e-05
-4.696969696969697239e+00 1.076014723366824910e-05 5.103128387418109924e-06 1.597933805896900594e-05
-4.595959595959596022e+00 1.201752002089051530e-05 5.367150151869282126e-06 1.726134178170468658e-05
-4.494949494949494806e+00 1.340912695013685152e-05 5.682402843376621604e-06 1.858916948549449444e-05
-4.393939393939393590e+00 1.506316857557976618e-05 5.961930128250969574e-06 2.027962000283878297e-05
-4.292929292929293261e+00 1.696062463452108204e-05 6.325061349343741313e-06 2.190559825976379216e-05
-4.191919191919192045e+00 1.915710527100600302e-05 6.743741323589347303e-06 2.399823097221087664e-05
-4.090909090909090828e+00 2.169967410736717284e-05 7.170337994466535747e-06 2.627043977554421872e-05
-3.989898989898989612e+00 2.465243960614316165e-05 7.604714483022689819e-06 2.907248745032120496e-05
-3.888888888888888840e+00 2.840278102667070925e-05 8.197096576623152941e-06 3.212048613931983709e-05
-3.787878787878788067e+00 3.262336758780293167e-05 8.811984116618987173e-06 3.600724812713451684e-05
-3.686868686868686851e+00 3.743017441593110561e-05 9.526448593533132225e-06 4.035669189761392772e-05
-3.585858585858585634e+00 4.331854506745003164e-05 1.037547644955338910e-05 4.576748688123188913e-05
-3.484848484848484862e+00 5.047918602940626442e-05 1.134583817474776879e-05 5.245376451057381928e-05
-3.383838383838384090e+00 5.880430762772448361e-05 1.253258960787206888e-05 6.000625944579951465e-05
-3.282828282828282873e+00 6.868789932923391461e-05 1.389212502544978634e-05 7.007060776231810451e-05
-3.181818181818181657e+00 8.115322998492047191e-05 1.548896943859290332e-05 8.273010462289676070e-05
-3.080808080808080884e+00 9.648265404393896461e-05 1.751534728100523353e-05 9.868798224488273263e-05
-2.979797979797979668e+00 1.142007677117362618e-04 1.991144745261408389e-05 1.194860669784247875e-04
-2.878787878787878896e+00 1.360655296593904495e-04 2.291926466568838805e-05 1.461142528569325805e-04
-2.777777777777777679e+00 1.636713568586856127e-04 2.680714169400744140e-05 1.820459001464769244e-04
-2.676767676767676907e+00 1.946213596966117620e-04 3.142986315651796758e-05 2.299706247868016362e-04
-2.575757575757575690e+00 2.335872995899990201e-04 3.769898466998711228e-05 2.969469060190021992e-04
-2.474747474747474918e+00 2.797294291667640209e-04 4.565331983030773699e-05 3.886180929839611053e-04
-2.373737373737373701e+00 3.345173608977347612e-04 5.640857125399634242e-05 5.192076205275952816e-04
-2.272727272727272929e+00 3.992530691903084517e-04 7.054630259517580271e-05 7.032003486528992653e-04
-2.171717171717171713e+00 4.789366794284433126e-04 9.002455044537782669e-05 9.780746186152100563e-04
-2.070707070707070940e+00 5.668887170031666756e-04 1.171611875179223716e-04 1.392424455843865871e-03
-1.969696969696969724e+00 6.721942918375134468e-04 1.546881248941645026e-04 2.006899099797010422e-03
-1.868686868686868952e+00 7.914290181361138821e-04 2.087413304252550006e-04 2.951466012746095657e-03
-1.767676767676767735e+00 9.343894780613481998e-04 2.889464667532593012e-04 4.446743056178092957e-03
-1.666666666666666519e+00 1.102114445529878139e-03 4.052935983054339886e-04 6.762198172509670258e-03
-1.565656565656565746e+00 1.297023147344589233e-03 5.859466618858277798e-04 1.053086947649717331e-02
-1.464646464646464530e+00 1.519857789389789104e-03 8.599290740676224232e-04 1.655908487737178802e-02
-1.363636363636363757e+00 1.801676233299076557e-03 1.297516166232526302e-03 2.652459405362606049e-02
-1.262626262626262541e+00 2.143421676009893417e-03 1.987554831430315971e-03 4.231335222721099854e-02
-1.161616161616161769e+00 2.540620276704430580e-03 3.119117114692926407e-03 6.773599982261657715e-02
-1.060606060606060552e+00 3.075030632317066193e-03 4.946453031152486801e-03 1.071505546569824219e-01
-9.595959595959593358e-01 3.742599859833717346e-03 8.028663694858551025e-03 1.659475266933441162e-01
-8.585858585858590075e-01 4.612224176526069641e-03 1.316491141915321350e-02 2.483189105987548828e-01
-7.575757575757577911e-01 5.725065711885690689e-03 2.165928296744823456e-02 3.522713482379913330e-01
-6.565656565656565746e-01 7.195143494755029678e-03 3.601475432515144348e-02 4.717479944229125977e-01
-5.555555555555553582e-01 9.091490879654884338e-03 5.924796685576438904e-02 5.922161340713500977e-01
-4.545454545454550299e-01 1.156596932560205460e-02 9.604320675134658813e-02 6.984423995018005371e-01
-3.535353535353538135e-01 1.479180622845888138e-02 1.510447859764099121e-01 7.840559482574462891e-01
-2.525252525252525970e-01 1.887223869562149048e-02 2.273167222738265991e-01 8.476111292839050293e-01
-1.515151515151513806e-01 2.415694855153560638e-02 3.225637376308441162e-01 8.923718929290771484e-01
-5.050505050505016413e-02 3.086700849235057831e-02 4.282897412776947021e-01 9.230878353118896484e-01
5.050505050505016413e-02 3.933891654014587402e-02 5.327084660530090332e-01 9.438142776489257812e-01
1.515151515151513806e-01 4.985199123620986938e-02 6.257963180541992188e-01 9.579044580459594727e-01
2.525252525252525970e-01 6.297001987695693970e-02 7.015311717987060547e-01 9.674925208091735840e-01
3.535353535353538135e-01 7.905232906341552734e-02 7.596992254257202148e-01 9.741355180740356445e-01
4.545454545454541417e-01 9.806296974420547485e-02 8.029477596282958984e-01 9.787286520004272461e-01
5.555555555555553582e-01 1.212968826293945312e-01 8.345111608505249023e-01 9.820095300674438477e-01
6.565656565656565746e-01 1.486488729715347290e-01 8.572115302085876465e-01 9.843714833259582520e-01
7.575757575757577911e-01 1.800476312637329102e-01 8.734670281410217285e-01 9.860786795616149902e-01
8.585858585858581193e-01 2.150239199399948120e-01 8.851530551910400391e-01 9.873544573783874512e-01
9.595959595959593358e-01 2.527543008327484131e-01 8.933055400848388672e-01 9.882919192314147949e-01
1.060606060606060552e+00 2.939185798168182373e-01 8.991206884384155273e-01 9.890077114105224609e-01
1.161616161616161769e+00 3.356353044509887695e-01 9.032775759696960449e-01 9.895430803298950195e-01
1.262626262626262097e+00 3.778520226478576660e-01 9.060012102127075195e-01 9.899555444717407227e-01
1.363636363636363313e+00 4.184277653694152832e-01 9.080385565757751465e-01 9.902666211128234863e-01
1.464646464646464530e+00 4.577639102935791016e-01 9.093950986862182617e-01 9.904995560646057129e-01
1.565656565656565746e+00 4.940603971481323242e-01 9.103762507438659668e-01 9.906798005104064941e-01
1.666666666666666963e+00 5.275042057037353516e-01 9.112640023231506348e-01 9.908100366592407227e-01
1.767676767676767291e+00 5.573010444641113281e-01 9.119682908058166504e-01 9.909178614616394043e-01
1.868686868686868507e+00 5.847799777984619141e-01 9.127883315086364746e-01 9.910036325454711914e-01
1.969696969696969724e+00 6.092035770416259766e-01 9.137008190155029297e-01 9.910655617713928223e-01
2.070707070707070940e+00 6.310237646102905273e-01 9.148396253585815430e-01 9.911134839057922363e-01
2.171717171717171269e+00 6.506421566009521484e-01 9.160522222518920898e-01 9.911732077598571777e-01
2.272727272727272485e+00 6.686067581176757812e-01 9.175016880035400391e-01 9.912215471267700195e-01
2.373737373737373701e+00 6.846163868904113770e-01 9.190270900726318359e-01 9.912728667259216309e-01
2.474747474747474918e+00 6.997792720794677734e-01 9.208501577377319336e-01 9.913411736488342285e-01
2.575757575757575246e+00 7.137272953987121582e-01 9.227752089500427246e-01 9.914146065711975098e-01
2.676767676767676463e+00 7.268044352531433105e-01 9.248123168945312500e-01 9.915036559104919434e-01
2.777777777777777679e+00 7.387247681617736816e-01 9.269622564315795898e-01 9.915959239006042480e-01
2.878787878787878896e+00 7.501097917556762695e-01 9.290966391563415527e-01 9.917013049125671387e-01
2.979797979797979224e+00 7.610846757888793945e-01 9.314576387405395508e-01 9.918352365493774414e-01
3.080808080808081328e+00 7.710301280021667480e-01 9.336918592453002930e-01 9.919759631156921387e-01
3.181818181818181657e+00 7.807363271713256836e-01 9.360859394073486328e-01 9.921411275863647461e-01
3.282828282828281985e+00 7.900860309600830078e-01 9.384508728981018066e-01 9.922965168952941895e-01
3.383838383838384090e+00 7.987274527549743652e-01 9.408131241798400879e-01 9.924868345260620117e-01
3.484848484848484418e+00 8.073039054870605469e-01 9.430776834487915039e-01 9.926459789276123047e-01
3.585858585858586522e+00 8.155001997947692871e-01 9.452756643295288086e-01 9.928565025329589844e-01
3.686868686868686851e+00 8.229274153709411621e-01 9.475492238998413086e-01 9.930451512336730957e-01
3.787878787878787179e+00 8.303009867668151855e-01 9.496792554855346680e-01 9.932535290718078613e-01
3.888888888888889284e+00 8.373950123786926270e-01 9.518782496452331543e-01 9.934508800506591797e-01
3.989898989898989612e+00 8.441412448883056641e-01 9.538184404373168945e-01 9.936601519584655762e-01
4.090909090909089940e+00 8.505432009696960449e-01 9.557709693908691406e-01 9.938740134239196777e-01
4.191919191919192045e+00 8.565921783447265625e-01 9.578272700309753418e-01 9.940729737281799316e-01
4.292929292929292373e+00 8.626458644866943359e-01 9.596536755561828613e-01 9.942816495895385742e-01
4.393939393939394478e+00 8.682604432106018066e-01 9.614093303680419922e-01 9.944850802421569824e-01
4.494949494949494806e+00 8.737841844558715820e-01 9.632549881935119629e-01 9.946850538253784180e-01
4.595959595959595134e+00 8.789397478103637695e-01 9.649325013160705566e-01 9.948663711547851562e-01
4.696969696969697239e+00 8.839679360389709473e-01 9.664393067359924316e-01 9.950533509254455566e-01
4.797979797979797567e+00 8.885583281517028809e-01 9.680040478706359863e-01 9.952442049980163574e-01
4.898989898989899672e+00 8.934897184371948242e-01 9.694727063179016113e-01 9.954348206520080566e-01
5.000000000000000000e+00 8.976594805717468262e-01 9.709461927413940430e-01 9.956164360046386719e-01
