0.000000000000000000e+00 -1.873659146614871318e+00 1.664510207911299167e-01 -1.846160553292816031e+00 2.013722433713438509e-01
2.000000000000000000e+01 -8.008069890014573033e-01 5.228773812364224949e-02 -8.086187567345708427e-01 5.238658162746880759e-02
4.000000000000000000e+01 -7.216734578386805321e-01 3.778281986225100891e-02 -7.290370894161942728e-01 3.864912305292519945e-02
6.000000000000000000e+01 -7.506921901217348259e-01 2.191163850224874671e-02 -7.673051338326178916e-01 2.409617826184569031e-02
8.000000000000000000e+01 -9.300383508323244452e-01 4.419800061567837751e-02 -9.534176948430614917e-01 4.871188247039084929e-02
1.000000000000000000e+02 -1.075313006133228111e+00 5.622910896277134862e-02 -1.103853497428439523e+00 6.491829846870234011e-02
1.200000000000000000e+02 -1.439683902685629846e+00 6.769560981899727659e-02 -1.503944103603508387e+00 8.586938167374352782e-02
1.400000000000000000e+02 -1.579014113991775492e+00 6.223769131199424764e-02 -1.621926222275692497e+00 7.397624900843653706e-02
1.600000000000000000e+02 -1.866345437506075511e+00 1.193702722857206550e-01 -1.951650485483347852e+00 1.305754950794607017e-01
1.800000000000000000e+02 -2.028809036084565864e+00 1.186741015714999625e-01 -2.189915191333546840e+00 1.495753539310679392e-01
2.000000000000000000e+02 -1.666071573918761484e+00 8.962406212761157842e-02 -1.721018929382138740e+00 1.203987943214747391e-01
2.200000000000000000e+02 -2.254984844783256115e+00 6.301568633803060482e-02 -2.444908488782886469e+00 1.144165005713584787e-01
2.400000000000000000e+02 -2.379446795824584626e+00 1.443450433664646149e-01 -2.638572738382303662e+00 2.165694671143549299e-01
2.600000000000000000e+02 -2.260755470525840582e+00 1.114069138619285942e-01 -2.447820959683470576e+00 1.909586679146596799e-01
2.800000000000000000e+02 -2.463454929325996634e+00 1.469274595030075625e-01 -2.604423122510966859e+00 1.718572102154083681e-01
3.000000000000000000e+02 -2.583106138722472078e+00 1.326070877311452678e-01 -2.704587417508366620e+00 1.517794217868959072e-01
3.200000000000000000e+02 -2.780095660790443013e+00 1.910303498714495396e-01 -3.074744389019326896e+00 2.717550327938127452e-01
3.400000000000000000e+02 -2.928804636965513186e+00 1.764326552222407196e-01 -3.080944209244909970e+00 2.020456648353892715e-01
3.600000000000000000e+02 -2.799601896332524209e+00 1.352640999414942424e-01 -2.925937793876359105e+00 1.578365558949328118e-01
3.800000000000000000e+02 -3.185806077116068113e+00 1.140966093385560320e-01 -3.261902526844286943e+00 1.411511503570917481e-01
4.000000000000000000e+02 -3.055107349071024103e+00 1.628688643162033989e-01 -3.195627179601139289e+00 1.803368973298691558e-01
4.200000000000000000e+02 -3.443411410793177030e+00 1.394223576116558894e-01 -3.700117499371230245e+00 2.000142307802015851e-01
4.400000000000000000e+02 -3.376494290837963153e+00 1.157381975564543974e-01 -3.653132047183924591e+00 1.539274788038322295e-01
4.600000000000000000e+02 -3.321540725492018620e+00 1.203028591578129414e-01 -3.508608523899659382e+00 1.115717969988583996e-01
4.800000000000000000e+02 -3.603197039583219574e+00 1.984086155843489685e-01 -3.926033613003389267e+00 2.588510629380502692e-01
5.000000000000000000e+02 -3.917866372215407011e+00 1.650049816043591966e-01 -4.052252295543921079e+00 1.842715159726285301e-01
5.200000000000000000e+02 -3.684293351566858554e+00 1.536934808825084486e-01 -3.829354408895236705e+00 1.635010011019184806e-01
5.400000000000000000e+02 -3.926077330059499104e+00 1.655388097227930011e-01 -4.044731615380522172e+00 1.797566598430378471e-01
5.600000000000000000e+02 -3.862605264458362164e+00 1.574486313049041908e-01 -4.013173131535292093e+00 1.825230800706934553e-01
5.800000000000000000e+02 -4.118217684068947726e+00 1.866143122923043796e-01 -4.351432410548189189e+00 2.555195641623739244e-01
6.000000000000000000e+02 -4.246408192521743175e+00 1.681893548142781580e-01 -4.241743666885454900e+00 1.681469603915704270e-01
6.200000000000000000e+02 -3.887676459785903038e+00 1.669533873685355163e-01 -4.153468013039967488e+00 2.219848300386227102e-01
6.400000000000000000e+02 -4.162200920117843594e+00 1.338365793535509496e-01 -4.357283827596299730e+00 1.472174666041768665e-01
6.600000000000000000e+02 -4.787796886343910430e+00 1.604799017275298778e-01 -5.001460522413753829e+00 1.595787963991214253e-01
6.800000000000000000e+02 -4.297068887602550014e+00 1.458579651510200081e-01 -4.554858240314744400e+00 1.925304206583154931e-01
7.000000000000000000e+02 -4.462466227543703035e+00 1.358024110008608787e-01 -4.698890027850255002e+00 1.513318722255760085e-01
7.200000000000000000e+02 -4.199834138717293719e+00 1.457894478657817128e-01 -4.539902783703711364e+00 2.399766925718153920e-01
7.400000000000000000e+02 -4.903139451388615733e+00 1.856090181742107437e-01 -5.044691551368981841e+00 1.841564237168077378e-01
7.600000000000000000e+02 -4.619233099145795052e+00 1.907959133814098041e-01 -4.854984151143212578e+00 2.169575434756271515e-01
7.800000000000000000e+02 -4.737208143744112476e+00 1.720445306863944979e-01 -5.070932384591283260e+00 2.315202929634824214e-01
8.000000000000000000e+02 -5.005604691852214572e+00 1.634422680541132433e-01 -5.276822088686087042e+00 1.490201601958900113e-01
8.200000000000000000e+02 -4.729414097403116912e+00 1.646864623215407997e-01 -4.936527261951370704e+00 1.464102585939491274e-01
8.400000000000000000e+02 -4.873415555423079581e+00 1.446906786697294556e-01 -5.047922884189075532e+00 1.609073134668760618e-01
8.600000000000000000e+02 -4.719493477161875283e+00 1.306995951355865437e-01 -4.917062361303950802e+00 1.531673203158408214e-01
8.800000000000000000e+02 -4.835504705375734957e+00 1.957617481018592842e-01 -5.106506862666373436e+00 2.582205643963522146e-01
9.000000000000000000e+02 -5.494835512996195881e+00 2.652324624780929563e-01 -5.807928623361965137e+00 3.309027381571310045e-01
9.200000000000000000e+02 -5.633000791123466300e+00 1.434812026382011052e-01 -5.920310482396272889e+00 1.824184740214785660e-01
9.400000000000000000e+02 -5.558389728362297610e+00 1.448826765402914940e-01 -5.863736487458509394e+00 1.887367552340087629e-01
9.600000000000000000e+02 -5.287373310384504421e+00 2.194224558076730558e-01 -5.633137343416355414e+00 2.463828996331696164e-01
9.800000000000000000e+02 -5.368631659397495426e+00 1.715530686229258805e-01 -5.583222277234140662e+00 1.614458442556978290e-01
1.000000000000000000e+03 -5.500351401736423007e+00 1.674866268495750488e-01 -5.994764407498614389e+00 3.236016086149646198e-01
1.020000000000000000e+03 -5.400558071284561557e+00 1.940348331417645344e-01 -5.713139726191441170e+00 2.134197229233546766e-01
1.040000000000000000e+03 -5.496950501258777599e+00 2.252618663825006751e-01 -5.772816252398800252e+00 2.265444347283715465e-01
1.060000000000000000e+03 -5.412097632630035626e+00 1.625145094913661159e-01 -5.707619775492831948e+00 2.207789050357191751e-01
1.080000000000000000e+03 -5.535431022445282068e+00 1.269904614370662987e-01 -6.180269011471301255e+00 1.669036729247475592e-01
1.100000000000000000e+03 -5.858187437786005702e+00 2.151540891175536263e-01 -6.193236541742899171e+00 2.727232821050516454e-01
1.120000000000000000e+03 -5.531977401375309356e+00 2.214468089109291882e-01 -6.084191468959909699e+00 3.577302971547808852e-01
1.140000000000000000e+03 -6.297314838133077686e+00 2.653555787415422529e-01 -6.758101080756072854e+00 2.890674609133821460e-01
1.160000000000000000e+03 -5.868127103483609552e+00 2.990587365143446696e-01 -6.105898293913766040e+00 3.482498454466694260e-01
1.180000000000000000e+03 -5.944941916540973814e+00 3.560980461408421727e-01 -6.353782451859646407e+00 4.576528858949114320e-01
1.200000000000000000e+03 -5.944229656767902270e+00 2.335918690259347619e-01 -6.453973969394342092e+00 3.422155344694057799e-01
1.220000000000000000e+03 -5.803583856397402485e+00 1.285804060815547989e-01 -6.051860304023821691e+00 1.669591693209268313e-01
1.240000000000000000e+03 -5.938725006666526696e+00 1.277506550353378345e-01 -6.595793857662923365e+00 1.917351189581344983e-01
1.260000000000000000e+03 -5.853231969363917209e+00 1.411833195226070148e-01 -6.534919506902838293e+00 2.476308858636891985e-01
1.280000000000000000e+03 -6.261978544064414010e+00 3.589516893643122653e-01 -6.644285587205186694e+00 4.172804409897994948e-01
1.300000000000000000e+03 -5.977494542763698959e+00 1.550235579246054540e-01 -6.422902352811872717e+00 2.617555798601245431e-01
1.320000000000000000e+03 -6.338632570739971328e+00 3.108637766800931290e-01 -6.956095094458444983e+00 4.023562478029042433e-01
1.340000000000000000e+03 -6.345022736357127435e+00 2.741541083574110527e-01 -6.854374759557421370e+00 3.401047847360175180e-01
1.360000000000000000e+03 -6.274328292522046269e+00 1.794936835694448674e-01 -6.817717618923538225e+00 2.707272480282360561e-01
1.380000000000000000e+03 -6.457375112938945172e+00 1.946261518135254942e-01 -6.836269513890901983e+00 2.527544594646556342e-01
1.400000000000000000e+03 -6.763078185777648521e+00 3.783195470984455078e-01 -7.078764370036113363e+00 3.655656499799871950e-01
1.420000000000000000e+03 -6.444869065739109892e+00 2.898618118581859360e-01 -7.109669262684637836e+00 4.069554183363537359e-01
1.440000000000000000e+03 -6.168781183690572156e+00 2.178393763537402050e-01 -6.573151005146722348e+00 2.700563440338901167e-01
1.460000000000000000e+03 -6.296262836759746406e+00 1.550634685593551831e-01 -6.948275551514785597e+00 2.982007590273899611e-01
1.480000000000000000e+03 -6.764533638964731033e+00 2.953311852239810520e-01 -7.211411896606340299e+00 3.284660182885847934e-01
1.500000000000000000e+03 -6.761952053265547491e+00 2.654170554127313619e-01 -7.446799863229140115e+00 3.427054453221937691e-01
1.520000000000000000e+03 -6.824510042763117568e+00 2.991550090203419221e-01 -7.036022251177969977e+00 2.914761362235742670e-01
1.540000000000000000e+03 -7.204611428115950567e+00 2.154295400291989238e-01 -7.724610734125420208e+00 2.708654874746400654e-01
1.560000000000000000e+03 -6.375827387870054430e+00 2.025521381840006407e-01 -6.921362636253614475e+00 3.100531905330077831e-01
1.580000000000000000e+03 -6.852095038204529587e+00 3.088021601229140600e-01 -7.527439446101247711e+00 3.833270468503936490e-01
1.600000000000000000e+03 -6.360956438643953881e+00 2.690666486691355441e-01 -6.870059503229393627e+00 3.899368322657640329e-01
1.620000000000000000e+03 -6.854653321954013556e+00 3.023308931653869713e-01 -7.409025796277886045e+00 3.055611334215996289e-01
1.640000000000000000e+03 -6.453067143985743215e+00 2.991430494361685954e-01 -7.088085162701569075e+00 4.230595917041613530e-01
1.660000000000000000e+03 -6.640596670288561931e+00 1.994887538570325192e-01 -7.245803736298488396e+00 2.816470294295747578e-01
1.680000000000000000e+03 -6.830196323789105683e+00 3.194924649277180451e-01 -7.511839413195947834e+00 3.918472357783461812e-01
1.700000000000000000e+03 -6.541040190975325075e+00 1.778843992637769988e-01 -7.331144697543214406e+00 2.785557980518206800e-01
1.720000000000000000e+03 -6.709492025681905503e+00 2.419385586676595923e-01 -7.445216338337250939e+00 2.975210477108506946e-01
1.740000000000000000e+03 -6.576459602080964473e+00 3.531731219571111469e-01 -7.012851060836863937e+00 3.999238872853754234e-01
1.760000000000000000e+03 -7.222458736612507479e+00 2.850568865062960144e-01 -7.531196573779567416e+00 3.635033342016123492e-01
1.780000000000000000e+03 -7.095528823695213205e+00 3.373360992683445136e-01 -7.794314159688899402e+00 4.170530432504261364e-01
1.800000000000000000e+03 -6.997322584542172486e+00 2.334224843556515772e-01 -7.873127698011829878e+00 2.985049232525723850e-01
1.820000000000000000e+03 -6.487084684573150462e+00 2.263616663549903318e-01 -6.976031776169316245e+00 3.380810155619094481e-01
1.840000000000000000e+03 -7.258052385340159951e+00 2.094549968534916151e-01 -8.035693933410737344e+00 3.171350990997524044e-01
1.860000000000000000e+03 -7.241849735936398247e+00 2.276675231297371760e-01 -8.102337463196093381e+00 3.262854926162354063e-01
1.880000000000000000e+03 -6.901186334481074880e+00 1.781755629566003085e-01 -7.670711869723845666e+00 3.271044826055293786e-01
1.900000000000000000e+03 -7.715231132203902220e+00 3.573859676561064735e-01 -8.440013740897411409e+00 3.359890009551573797e-01
1.920000000000000000e+03 -6.618391828974156788e+00 2.297591178119697819e-01 -7.178001742939462915e+00 2.762422357435230236e-01
1.940000000000000000e+03 -6.865625522534960723e+00 3.372369915228600745e-01 -7.333219815456866186e+00 4.398491858719054681e-01
1.960000000000000000e+03 -6.696558765912362432e+00 1.772193819791774705e-01 -7.246020590975929210e+00 2.659378337504185175e-01
1.980000000000000000e+03 -6.899651658196015447e+00 3.770295389302410483e-01 -7.564641597732506106e+00 4.647807176210836388e-01
2.000000000000000000e+03 -6.950022101040049805e+00 2.781913252488021904e-01 -7.577860082370053263e+00 3.972919583242892072e-01
2.020000000000000000e+03 -7.480529634978788422e+00 3.371893145731695851e-01 -8.218893878439638812e+00 4.329098144693556138e-01
2.040000000000000000e+03 -7.555282102570767044e+00 3.401568077130911472e-01 -8.380804016524852074e+00 3.729117410805818378e-01
2.060000000000000000e+03 -7.136176122630215168e+00 3.411337343602551808e-01 -7.801193097711630386e+00 4.727918950720755298e-01
2.080000000000000000e+03 -7.199868911503983782e+00 3.681026006508485993e-01 -7.779861504109772952e+00 4.820581232618435519e-01
2.100000000000000000e+03 -7.206136436159556347e+00 1.800071973211383181e-01 -8.243524109639761122e+00 3.545781336204316680e-01
2.120000000000000000e+03 -7.006806760526105293e+00 3.316107577947949303e-01 -7.641197803003215938e+00 4.967975172492229419e-01
2.140000000000000000e+03 -7.088375876880659732e+00 2.437821024065344455e-01 -7.911815764054952460e+00 3.911719434790480454e-01
2.160000000000000000e+03 -7.812698433220525374e+00 2.583767248190124710e-01 -8.446762464075607824e+00 3.016449682750163008e-01
2.180000000000000000e+03 -7.263014993189723434e+00 3.540599630407813558e-01 -7.930112516177390880e+00 4.775675932774766652e-01
2.200000000000000000e+03 -7.629959506962805449e+00 1.320820083839797099e-01 -8.408684832609935711e+00 1.747672700305550331e-01
2.220000000000000000e+03 -7.232896685326140940e+00 2.638372280532770842e-01 -7.827234540149534681e+00 3.105669834667807438e-01
2.240000000000000000e+03 -7.744313014000200113e+00 3.868835066674133349e-01 -8.375576706467565913e+00 4.221153033201889837e-01
2.260000000000000000e+03 -6.938421917145705997e+00 3.179949435739005126e-01 -7.301271123037873068e+00 4.036041755573441803e-01
2.280000000000000000e+03 -7.569115263036846564e+00 2.652320781692482088e-01 -8.479140018715019878e+00 3.857875964644361666e-01
2.300000000000000000e+03 -7.283179134864147031e+00 3.265895431181896069e-01 -8.031053267180555011e+00 5.001684445853097349e-01
2.320000000000000000e+03 -7.657858870259225625e+00 2.951074707507815864e-01 -8.212323215091048567e+00 3.496454168590419909e-01
2.340000000000000000e+03 -7.553200869996286038e+00 3.226359443857951259e-01 -8.468398840555584783e+00 3.910603692494770134e-01
2.360000000000000000e+03 -6.823950864166663521e+00 2.056314869877008400e-01 -7.240158372522079055e+00 3.139537528565195523e-01
2.380000000000000000e+03 -7.849051988838247951e+00 3.041771718412899506e-01 -8.495334870886761536e+00 4.082376212855609587e-01
