2.000000000000000000e+00 -1.416912967026368486e+00 7.353242058647475876e-02
3.000000000000000000e+00 -2.284977515420158145e+00 1.374318603818058260e-01
4.000000000000000000e+00 -3.084823809078364842e+00 1.427071035754099160e-01
5.000000000000000000e+00 -4.524023286635513230e+00 1.612606046707729945e-01
6.000000000000000000e+00 -4.393542795383849509e+00 2.137754638558241049e-01
7.000000000000000000e+00 -4.647516145851021463e+00 2.412976796456633988e-01
8.000000000000000000e+00 -4.919640033536542667e+00 1.588127198428533060e-01
9.000000000000000000e+00 -5.091407817579587380e+00 1.659293394194548132e-01
1.000000000000000000e+01 -5.201827195793777392e+00 2.027195181711693994e-01
1.100000000000000000e+01 -5.035369335462874574e+00 1.657848520846176010e-01
1.200000000000000000e+01 -5.181009304007536898e+00 1.568678607841803019e-01
1.300000000000000000e+01 -5.066029896753085460e+00 1.038082686794705861e-01
1.400000000000000000e+01 -5.567420677732644485e+00 1.252147967385156824e-01
1.500000000000000000e+01 -5.623097126052570616e+00 1.968035470976052248e-01
1.600000000000000000e+01 -6.044226226653138134e+00 1.650510780942825440e-01
