2.000000000000000000e+00 -1.501804008825245118e+00 6.301784691291169305e-02
3.000000000000000000e+00 -2.648079453686460027e+00 8.114335429661308219e-02
4.000000000000000000e+00 -3.872565778126464409e+00 3.580672801303500657e-02
5.000000000000000000e+00 -5.562215473449167114e+00 5.518986201453241619e-02
6.000000000000000000e+00 -5.470686683076300127e+00 5.977563977158095732e-02
7.000000000000000000e+00 -5.913893868053078151e+00 6.162142149442201983e-02
8.000000000000000000e+00 -5.866474706272111206e+00 8.073370165610675719e-02
9.000000000000000000e+00 -5.961986977240518293e+00 1.211583718012925193e-01
1.000000000000000000e+01 -6.014574310170176297e+00 7.837355317727721926e-02
1.100000000000000000e+01 -6.045348272433920478e+00 5.917652717832629083e-02
1.200000000000000000e+01 -6.028895492400716982e+00 8.492786960700338117e-02
