1.768733950839612046e+00
3.758019517661371545e+00
4.960285627374386053e+00
5.327617723392759075e+00
5.543515137110486712e+00
5.678350818030843072e+00
5.794886497410341342e+00
5.875048103566074431e+00
5.927920714082618225e+00
5.964293836177575692e+00
5.991490532063320273e+00
6.011029602022969875e+00
6.026644603342870887e+00
6.038221762404337056e+00
6.048132073779759033e+00
6.056360684257604099e+00
6.063003997021952252e+00
6.068960945705093479e+00
6.074354028460905219e+00
6.079393806151488278e+00
